C:\Python27\python.exe C:/Users/Mihika/PycharmProjects/imdbdatabasedmovieretrieval/Phase2/Task2c.py
[unfolded_dtensor([[  1.98418486e-27,  -6.13806425e-33,  -3.12222930e-51,
                     2.46635079e-34,   2.72113399e-50],
                  [ -1.06815596e-49,  -1.08317305e-18,   1.00000000e+00,
                     4.90605962e-17,   1.38649124e-16],
                  [ -1.01683513e-32,  -2.83092765e-18,  -1.11019645e-16,
                     5.70902961e-15,   1.00000000e+00],
                  [  3.53350697e-28,   1.00000000e+00,   9.59672306e-19,
                    -3.16165275e-17,  -4.43321213e-18],
                  [  3.37529609e-41,   5.65380487e-23,   5.42517480e-41,
                    -1.78750588e-39,   5.41085791e-30],
                  [ -1.91641563e-81,   8.32966817e-58,   1.47210244e-40,
                    -1.18653497e-40,   2.04105718e-56],
                  [  1.00000000e+00,   3.48657130e-31,  -1.57456635e-48,
                    -3.92972496e-40,   1.70408473e-32],
                  [  2.87593460e-40,   8.84433320e-27,   3.02120518e-18,
                     1.00000000e+00,  -3.93983034e-24],
                  [  2.05087674e-66,   4.12954594e-51,   8.90184030e-49,
                     6.48758008e-32,  -1.45872515e-33]]), unfolded_dtensor([[  0.00000000e+00,   0.00000000e+00,   0.00000000e+00,
                     0.00000000e+00,   0.00000000e+00],
                  [  0.00000000e+00,   0.00000000e+00,   0.00000000e+00,
                     0.00000000e+00,   0.00000000e+00],
                  [  1.56660122e-42,   3.50464784e-20,  -8.95001510e-19,
                     5.13961373e-01,   8.84591682e-25],
                  [ -1.41489001e-30,   1.00000000e+00,  -9.67752432e-21,
                     1.23612952e-19,   1.42705382e-19],
                  [  1.05455566e-50,  -7.45326950e-21,   3.24274497e-02,
                    -1.02189649e-19,  -1.39750664e-28],
                  [  2.76896284e-55,  -1.95701620e-25,   8.71444416e-03,
                    -2.74621039e-20,  -3.75561252e-29],
                  [  0.00000000e+00,   0.00000000e+00,   0.00000000e+00,
                     0.00000000e+00,   0.00000000e+00],
                  [ -1.06610169e-32,   7.53487321e-03,  -7.29189187e-23,
                     9.31407920e-22,   1.07526696e-21],
                  [  7.10788326e-01,   1.00470474e-30,   1.01001128e-62,
                    -2.16654782e-42,   3.10131993e-34],
                  [  4.16546443e-01,   5.88791588e-31,   5.91901401e-63,
                    -1.26967165e-42,   1.81748031e-34],
                  [  0.00000000e+00,   0.00000000e+00,   0.00000000e+00,
                     0.00000000e+00,   0.00000000e+00],
                  [  1.73696301e-63,  -1.22763112e-33,   1.18804300e-53,
                    -1.51751713e-52,  -1.75189568e-52],
                  [  6.89706733e-55,  -4.87463115e-25,   2.17063614e-02,
                    -6.84039442e-20,  -9.35466236e-29],
                  [  5.27008693e-55,  -3.72473236e-25,   1.65859497e-02,
                    -5.22678285e-20,  -7.14794875e-29],
                  [ -2.14476143e-34,   1.46257826e-20,   4.02409495e-17,
                    -5.98806373e-25,   4.91555667e-01],
                  [  0.00000000e+00,   0.00000000e+00,   0.00000000e+00,
                     0.00000000e+00,   0.00000000e+00],
                  [  9.76773056e-68,  -6.66091351e-54,  -1.83266421e-50,
                     2.87651031e-48,  -2.23865613e-34],
                  [  6.56638424e-28,  -3.12610133e-35,   3.02529217e-55,
                    -3.86428157e-54,  -4.46111456e-54],
                  [  0.00000000e+00,   0.00000000e+00,   0.00000000e+00,
                     0.00000000e+00,   0.00000000e+00],
                  [  0.00000000e+00,   0.00000000e+00,   0.00000000e+00,
                     0.00000000e+00,   0.00000000e+00],
                  [  4.02856230e-74,   9.01230768e-52,  -2.30152339e-50,
                     1.32166718e-32,   2.27475418e-56],
                  [  6.58254009e-55,  -4.65233314e-25,   2.07164854e-02,
                    -6.52845164e-20,  -8.92806131e-29],
                  [  5.44747016e-55,  -3.85010127e-25,   1.71442079e-02,
                    -5.40270852e-20,  -7.38853799e-29],
                  [  5.97323878e-01,   8.46097579e-31,  -1.71843065e-53,
                    -5.71183161e-41,   2.60625052e-34],
                  [  4.93999147e-01,   6.98271579e-31,   2.14092085e-49,
                    -1.50575458e-42,   2.83074345e-33],
                  [  9.61918898e-55,  -6.79854146e-25,   3.02733876e-02,
                    -9.54014851e-20,  -1.30467430e-28],
                  [ -3.43249553e-64,   5.62194104e-47,   6.44019784e-47,
                    -1.03342162e-54,   7.86690123e-31],
                  [  2.48386132e-42,   5.55665291e-20,  -1.41903352e-18,
                     8.14890707e-01,   1.40252863e-24],
                  [ -2.79425096e-34,   1.90548499e-20,   5.24269554e-17,
                    -7.80140514e-25,   6.40411506e-01],
                  [  0.00000000e+00,   0.00000000e+00,   0.00000000e+00,
                     0.00000000e+00,   0.00000000e+00],
                  [  1.39943644e-42,   3.13068306e-20,  -1.95274219e-19,
                     4.59118930e-01,   7.90200991e-25],
                  [  3.88532144e-45,   8.69186314e-23,  -2.21968968e-21,
                     1.27467355e-03,   2.19387231e-27],
                  [  1.51435419e-76,   3.38776587e-54,  -8.65152708e-53,
                     4.96820472e-35,   8.55090053e-59],
                  [  4.59858619e-42,   5.89329971e-47,   4.30425394e-43,
                    -1.13799309e-54,   8.66293916e-31],
                  [  9.25374062e-68,  -6.31040809e-54,  -1.73622718e-50,
                     2.72514481e-48,  -2.12085530e-34],
                  [  0.00000000e+00,   0.00000000e+00,   0.00000000e+00,
                     0.00000000e+00,   0.00000000e+00],
                  [  3.17738226e-53,  -2.24567304e-23,   9.99981110e-01,
                     2.47988997e-18,  -4.30955951e-27],
                  [  0.00000000e+00,   0.00000000e+00,   0.00000000e+00,
                     0.00000000e+00,   0.00000000e+00],
                  [ -5.08923910e-83,   3.89494068e-60,   1.39907397e-42,
                    -1.66964759e-41,  -2.87427488e-65],
                  [  1.00820771e-54,  -7.12569628e-25,   3.17301832e-02,
                    -9.99923310e-20,  -1.36745696e-28],
                  [  1.48572772e-42,   3.32372552e-20,  -8.48798367e-19,
                     4.87428869e-01,   8.38925931e-25],
                  [  0.00000000e+00,   0.00000000e+00,   0.00000000e+00,
                     0.00000000e+00,   0.00000000e+00],
                  [ -2.49262096e-34,   1.69979429e-20,   4.67676417e-17,
                    -6.95926967e-25,   5.71281235e-01],
                  [  6.33029693e-95,  -4.47405558e-65,   1.99226289e-42,
                    -6.27828115e-60,  -8.58593770e-69],
                  [  5.92562915e-01,   8.37592219e-31,   8.42016120e-63,
                    -1.80618595e-42,   2.58547743e-34],
                  [  0.00000000e+00,   0.00000000e+00,   0.00000000e+00,
                     0.00000000e+00,   0.00000000e+00],
                  [  4.44547437e-95,  -3.14192204e-65,   1.39907397e-42,
                    -4.40894610e-60,  -6.02950642e-69],
                  [ -3.41998281e-32,   2.41713687e-02,   8.88672708e-21,
                    -4.44597148e-18,   3.44938440e-21],
                  [  0.00000000e+00,   0.00000000e+00,   0.00000000e+00,
                     0.00000000e+00,   0.00000000e+00],
                  [  6.61872224e-01,   9.37337161e-31,   2.02809113e-49,
                    -2.01744707e-42,   2.76637494e-33],
                  [  1.11205631e-28,   2.03719036e-02,  -1.97149593e-22,
                    -4.44644114e-18,   2.90718029e-21],
                  [ -3.28027673e-32,   2.31839698e-02,  -2.24363431e-22,
                     2.86583895e-21,   3.30847727e-21],
                  [  9.26229096e-51,  -6.54629749e-21,   3.80156686e-02,
                     6.78382344e-18,  -1.63833881e-28],
                  [  5.44969812e-01,   7.70319004e-31,   7.74387588e-63,
                    -1.66111782e-42,   2.37781865e-34],
                  [ -1.87070769e-34,   1.27569265e-20,   3.50990337e-17,
                    -5.22291976e-25,   4.28745572e-01],
                  [  1.93952696e-95,  -1.37079690e-65,   6.10405427e-43,
                    -1.92358995e-60,  -2.63062821e-69],
                  [  0.00000000e+00,   0.00000000e+00,   0.00000000e+00,
                     0.00000000e+00,   0.00000000e+00],
                  [  8.93419134e-43,   1.99867037e-20,  -5.10411626e-19,
                     2.93107729e-01,   5.04474991e-25],
                  [ -2.20755541e-55,   1.56023111e-25,  -1.50991745e-45,
                     1.92864773e-44,   2.22653377e-44],
                  [ -3.19973338e-53,   2.26147146e-23,  -2.18854450e-43,
                     2.79547163e-42,   3.22724148e-42],
                  [  2.07152387e-42,   4.63421168e-20,  -1.18346454e-18,
                     6.79613446e-01,   1.16969958e-24],
                  [ -1.41482683e-30,   9.99955347e-01,  -9.67709218e-21,
                     1.23607432e-19,   1.42699010e-19],
                  [  3.82844778e-43,   8.56463093e-21,  -2.18719768e-19,
                     1.25601478e-01,   2.16175822e-25],
                  [  4.83889156e-01,   6.83981028e-31,   6.87593603e-63,
                    -1.47493840e-42,   2.11131082e-34],
                  [ -1.52363215e-33,   1.82650268e-20,   5.02538593e-17,
                    -7.47803708e-25,   6.13866464e-01],
                  [  3.17744056e-53,  -2.24571546e-23,   1.00000000e+00,
                    -3.15133167e-18,  -4.30964092e-27],
                  [  5.79274746e-01,   8.18809290e-31,   8.23133986e-63,
                    -1.76568240e-42,   2.52749834e-34],
                  [ -3.89393965e-32,   2.75211474e-02,   7.51359479e-21,
                     3.40197027e-21,   3.92741585e-21],
                  [  4.46622742e-41,   3.83811664e-20,  -9.51448016e-19,
                     5.62865024e-01,   9.68760971e-25],
                  [  0.00000000e+00,   0.00000000e+00,   0.00000000e+00,
                     0.00000000e+00,   0.00000000e+00],
                  [  0.00000000e+00,   0.00000000e+00,   0.00000000e+00,
                     0.00000000e+00,   0.00000000e+00],
                  [  0.00000000e+00,   0.00000000e+00,   0.00000000e+00,
                     0.00000000e+00,   0.00000000e+00],
                  [ -8.61539289e-35,   5.87509929e-21,   1.61645759e-17,
                    -2.40537344e-25,   1.97455304e-01],
                  [ -1.93628603e-33,   1.73038988e-20,   4.76094397e-17,
                    -7.08453362e-25,   5.81564059e-01],
                  [ -1.56181932e-32,   1.10384504e-02,  -1.06824872e-22,
                     1.36449543e-21,   1.57524627e-21],
                  [ -2.40945038e-32,   1.70292416e-02,  -1.64800899e-22,
                     2.10503482e-21,   2.43016442e-21],
                  [  0.00000000e+00,   0.00000000e+00,   0.00000000e+00,
                     0.00000000e+00,   0.00000000e+00],
                  [  0.00000000e+00,   0.00000000e+00,   0.00000000e+00,
                     0.00000000e+00,   0.00000000e+00],
                  [  2.27064985e-78,  -1.60751377e-48,   2.32525811e-43,
                    -7.32766152e-61,   8.72138401e-48],
                  [  2.45602401e-42,   5.49437799e-20,  -1.40313002e-18,
                     8.05758006e-01,   1.38681011e-24],
                  [ -2.25078473e-34,   1.53487879e-20,   4.22302049e-17,
                    -6.28407534e-25,   5.15855039e-01],
                  [ -2.59826601e-34,   1.77183687e-20,   4.87498001e-17,
                    -7.25422521e-25,   5.95493915e-01],
                  [ -3.62315013e-64,   5.93420623e-47,   6.79791231e-47,
                    -1.09082200e-54,   8.30386053e-31],
                  [ -1.81558164e-34,   1.23810052e-20,   3.40647347e-17,
                    -5.06901067e-25,   4.16111290e-01],
                  [  0.00000000e+00,   0.00000000e+00,   0.00000000e+00,
                     0.00000000e+00,   0.00000000e+00],
                  [ -3.05949269e-32,   2.16235373e-02,  -2.09262308e-22,
                     2.67294928e-21,   3.08579515e-21]]), unfolded_dtensor([[  0.00000000e+000,   0.00000000e+000,   0.00000000e+000,
                     0.00000000e+000,   0.00000000e+000],
                  [  2.36253131e-083,   1.68895554e-037,   4.83748599e-018,
                     4.32183494e-002,  -7.42845562e-034],
                  [  2.08837014e-067,   5.72103224e-025,  -2.33726408e-033,
                     3.93322285e-018,   1.90363350e-001],
                  ..., 
                  [  2.41077748e-067,   6.60425824e-025,  -2.69809623e-033,
                     4.54044275e-018,   2.19752077e-001],
                  [  1.02360476e-103,  -1.03808588e-086,   4.71931864e-085,
                     4.21626362e-069,  -7.24699746e-101],
                  [  0.00000000e+000,   0.00000000e+000,   0.00000000e+000,
                     0.00000000e+000,   0.00000000e+000]])]
Latent Semantic for Year sorted by LS1
   year           ls1           ls2           ls3           ls4           ls5
6  2006  1.000000e+00  3.486571e-31 -1.574566e-48 -3.929725e-40  1.704085e-32
0  2000  1.984185e-27 -6.138064e-33 -3.122229e-51  2.466351e-34  2.721134e-50
3  2003  3.533507e-28  1.000000e+00  9.596723e-19 -3.161653e-17 -4.433212e-18
7  2007  2.875935e-40  8.844333e-27  3.021205e-18  1.000000e+00 -3.939830e-24
4  2004  3.375296e-41  5.653805e-23  5.425175e-41 -1.787506e-39  5.410858e-30
8  2008  2.050877e-66  4.129546e-51  8.901840e-49  6.487580e-32 -1.458725e-33
5  2005 -1.916416e-81  8.329668e-58  1.472102e-40 -1.186535e-40  2.041057e-56
1  2001 -1.068156e-49 -1.083173e-18  1.000000e+00  4.906060e-17  1.386491e-16
2  2002 -1.016835e-32 -2.830928e-18 -1.110196e-16  5.709030e-15  1.000000e+00
Latent Semantic for Year sorted by LS2
   year           ls1           ls2           ls3           ls4           ls5
3  2003  3.533507e-28  1.000000e+00  9.596723e-19 -3.161653e-17 -4.433212e-18
4  2004  3.375296e-41  5.653805e-23  5.425175e-41 -1.787506e-39  5.410858e-30
7  2007  2.875935e-40  8.844333e-27  3.021205e-18  1.000000e+00 -3.939830e-24
6  2006  1.000000e+00  3.486571e-31 -1.574566e-48 -3.929725e-40  1.704085e-32
8  2008  2.050877e-66  4.129546e-51  8.901840e-49  6.487580e-32 -1.458725e-33
5  2005 -1.916416e-81  8.329668e-58  1.472102e-40 -1.186535e-40  2.041057e-56
0  2000  1.984185e-27 -6.138064e-33 -3.122229e-51  2.466351e-34  2.721134e-50
1  2001 -1.068156e-49 -1.083173e-18  1.000000e+00  4.906060e-17  1.386491e-16
2  2002 -1.016835e-32 -2.830928e-18 -1.110196e-16  5.709030e-15  1.000000e+00
Latent Semantic for Year sorted by LS3
   year           ls1           ls2           ls3           ls4           ls5
1  2001 -1.068156e-49 -1.083173e-18  1.000000e+00  4.906060e-17  1.386491e-16
7  2007  2.875935e-40  8.844333e-27  3.021205e-18  1.000000e+00 -3.939830e-24
3  2003  3.533507e-28  1.000000e+00  9.596723e-19 -3.161653e-17 -4.433212e-18
5  2005 -1.916416e-81  8.329668e-58  1.472102e-40 -1.186535e-40  2.041057e-56
4  2004  3.375296e-41  5.653805e-23  5.425175e-41 -1.787506e-39  5.410858e-30
8  2008  2.050877e-66  4.129546e-51  8.901840e-49  6.487580e-32 -1.458725e-33
0  2000  1.984185e-27 -6.138064e-33 -3.122229e-51  2.466351e-34  2.721134e-50
6  2006  1.000000e+00  3.486571e-31 -1.574566e-48 -3.929725e-40  1.704085e-32
2  2002 -1.016835e-32 -2.830928e-18 -1.110196e-16  5.709030e-15  1.000000e+00
Latent Semantic for Year sorted by LS4
   year           ls1           ls2           ls3           ls4           ls5
7  2007  2.875935e-40  8.844333e-27  3.021205e-18  1.000000e+00 -3.939830e-24
2  2002 -1.016835e-32 -2.830928e-18 -1.110196e-16  5.709030e-15  1.000000e+00
1  2001 -1.068156e-49 -1.083173e-18  1.000000e+00  4.906060e-17  1.386491e-16
8  2008  2.050877e-66  4.129546e-51  8.901840e-49  6.487580e-32 -1.458725e-33
0  2000  1.984185e-27 -6.138064e-33 -3.122229e-51  2.466351e-34  2.721134e-50
5  2005 -1.916416e-81  8.329668e-58  1.472102e-40 -1.186535e-40  2.041057e-56
6  2006  1.000000e+00  3.486571e-31 -1.574566e-48 -3.929725e-40  1.704085e-32
4  2004  3.375296e-41  5.653805e-23  5.425175e-41 -1.787506e-39  5.410858e-30
3  2003  3.533507e-28  1.000000e+00  9.596723e-19 -3.161653e-17 -4.433212e-18
Latent Semantic for Year sorted by LS5
   year           ls1           ls2           ls3           ls4           ls5
2  2002 -1.016835e-32 -2.830928e-18 -1.110196e-16  5.709030e-15  1.000000e+00
1  2001 -1.068156e-49 -1.083173e-18  1.000000e+00  4.906060e-17  1.386491e-16
4  2004  3.375296e-41  5.653805e-23  5.425175e-41 -1.787506e-39  5.410858e-30
6  2006  1.000000e+00  3.486571e-31 -1.574566e-48 -3.929725e-40  1.704085e-32
0  2000  1.984185e-27 -6.138064e-33 -3.122229e-51  2.466351e-34  2.721134e-50
5  2005 -1.916416e-81  8.329668e-58  1.472102e-40 -1.186535e-40  2.041057e-56
8  2008  2.050877e-66  4.129546e-51  8.901840e-49  6.487580e-32 -1.458725e-33
7  2007  2.875935e-40  8.844333e-27  3.021205e-18  1.000000e+00 -3.939830e-24
3  2003  3.533507e-28  1.000000e+00  9.596723e-19 -3.161653e-17 -4.433212e-18
Latent semantic for movie sorted by LS1
                                     movie           ls1           ls2  \
8                               Half Light  7.107883e-01  1.004705e-30   
49                                Bandidas  6.618722e-01  9.373372e-31   
23                     Big Momma's House 2  5.973239e-01  8.460976e-31   
44                             Eight Below  5.925629e-01  8.375922e-31   
66                  Madea's Family Reunion  5.792747e-01  8.188093e-31   
53                             Ultraviolet  5.449698e-01  7.703190e-31   
24                   When a Stranger Calls  4.939991e-01  6.982716e-31   
63                               Annapolis  4.838892e-01  6.839810e-31   
9                           Over the Hedge  4.165464e-01  5.887916e-31   
17                          Chain of Fools  6.566384e-28 -3.126101e-35   
50                       National Security  1.112056e-28  2.037190e-02   
68                               Wild Hogs  4.466227e-41  3.838117e-20   
33                                 Godsend  4.598586e-42  5.893300e-47   
27                              Epic Movie  2.483861e-42  5.556653e-20   
79                                  Zodiac  2.456024e-42  5.494378e-20   
60                         Freedom Writers  2.071524e-42  4.634212e-20   
2                                 Hot Fuzz  1.566601e-42  3.504648e-20   
40                         Hannibal Rising  1.485728e-42  3.323726e-20   
30                                  Breach  1.399436e-42  3.130683e-20   
57                                Waitress  8.934191e-43  1.998670e-20   
62                          Stomp the Yard  3.828448e-43  8.564631e-21   
31                              United 300  3.885321e-45  8.691863e-23   
4                       Enemy at the Gates  1.054556e-50 -7.453269e-21   
52                               Swordfish  9.262291e-51 -6.546297e-21   
65                           Texas Rangers  3.177441e-53 -2.245715e-23   
36                               Antitrust  3.177382e-53 -2.245673e-23   
39                              15 Minutes  1.008208e-54 -7.125696e-25   
25                    Carman: The Champion  9.619189e-55 -6.798541e-25   
12                          Sweet November  6.897067e-55 -4.874631e-25   
21                                Hannibal  6.582540e-55 -4.652333e-25   
..                                     ...           ...           ...   
15                         Erin Brockovich  0.000000e+00  0.000000e+00   
41                      Digimon: The Movie  0.000000e+00  0.000000e+00   
18                            Smart People  0.000000e+00  0.000000e+00   
19                   Because of Winn-Dixie  0.000000e+00  0.000000e+00   
29                             Cloverfield  0.000000e+00  0.000000e+00   
37                               Boogeyman  0.000000e+00  0.000000e+00   
38                                 Be Cool -5.089239e-83  3.894941e-60   
26                          Catch That Kid -3.432496e-64  5.621941e-47   
82                                  Torque -3.623150e-64  5.934206e-47   
58                         Starsky & Hutch -2.207555e-55  1.560231e-25   
59  Agent Cody Banks 2: Destination London -3.199733e-53  2.261471e-23   
72                          State Property -8.615393e-35  5.875099e-21   
83                           Stolen Summer -1.815582e-34  1.238101e-20   
54                       Collateral Damage -1.870708e-34  1.275693e-20   
14                            Full Frontal -2.144761e-34  1.462578e-20   
80                              Scooby-Doo -2.250785e-34  1.534879e-20   
42                                 Ice Age -2.492621e-34  1.699794e-20   
81     Clubhouse Detectives in Big Trouble -2.598266e-34  1.771837e-20   
28                              Rollerball -2.794251e-34  1.905485e-20   
64                 All About the Benjamins -1.523632e-33  1.826503e-20   
73                              Panic Room -1.936286e-33  1.730390e-20   
7                      Final Destination 2 -1.066102e-32  7.534873e-03   
74                        Shanghai Knights -1.561819e-32  1.103845e-02   
75                               Daredevil -2.409450e-32  1.702924e-02   
85                                  Levity -3.059493e-32  2.162354e-02   
51                       What a Girl Wants -3.280277e-32  2.318397e-02   
47                                   Basic -3.419983e-32  2.417137e-02   
67        Sinbad: Legend of the Seven Seas -3.893940e-32  2.752115e-02   
61                           Kangaroo Jack -1.414827e-30  9.999553e-01   
3                       Cradle 2 the Grave -1.414890e-30  1.000000e+00   

             ls3           ls4           ls5  
8   1.010011e-62 -2.166548e-42  3.101320e-34  
49  2.028091e-49 -2.017447e-42  2.766375e-33  
23 -1.718431e-53 -5.711832e-41  2.606251e-34  
44  8.420161e-63 -1.806186e-42  2.585477e-34  
66  8.231340e-63 -1.765682e-42  2.527498e-34  
53  7.743876e-63 -1.661118e-42  2.377819e-34  
24  2.140921e-49 -1.505755e-42  2.830743e-33  
63  6.875936e-63 -1.474938e-42  2.111311e-34  
9   5.919014e-63 -1.269672e-42  1.817480e-34  
17  3.025292e-55 -3.864282e-54 -4.461115e-54  
50 -1.971496e-22 -4.446441e-18  2.907180e-21  
68 -9.514480e-19  5.628650e-01  9.687610e-25  
33  4.304254e-43 -1.137993e-54  8.662939e-31  
27 -1.419034e-18  8.148907e-01  1.402529e-24  
79 -1.403130e-18  8.057580e-01  1.386810e-24  
60 -1.183465e-18  6.796134e-01  1.169700e-24  
2  -8.950015e-19  5.139614e-01  8.845917e-25  
40 -8.487984e-19  4.874289e-01  8.389259e-25  
30 -1.952742e-19  4.591189e-01  7.902010e-25  
57 -5.104116e-19  2.931077e-01  5.044750e-25  
62 -2.187198e-19  1.256015e-01  2.161758e-25  
31 -2.219690e-21  1.274674e-03  2.193872e-27  
4   3.242745e-02 -1.021896e-19 -1.397507e-28  
52  3.801567e-02  6.783823e-18 -1.638339e-28  
65  1.000000e+00 -3.151332e-18 -4.309641e-27  
36  9.999811e-01  2.479890e-18 -4.309560e-27  
39  3.173018e-02 -9.999233e-20 -1.367457e-28  
25  3.027339e-02 -9.540149e-20 -1.304674e-28  
12  2.170636e-02 -6.840394e-20 -9.354662e-29  
21  2.071649e-02 -6.528452e-20 -8.928061e-29  
..           ...           ...           ...  
15  0.000000e+00  0.000000e+00  0.000000e+00  
41  0.000000e+00  0.000000e+00  0.000000e+00  
18  0.000000e+00  0.000000e+00  0.000000e+00  
19  0.000000e+00  0.000000e+00  0.000000e+00  
29  0.000000e+00  0.000000e+00  0.000000e+00  
37  0.000000e+00  0.000000e+00  0.000000e+00  
38  1.399074e-42 -1.669648e-41 -2.874275e-65  
26  6.440198e-47 -1.033422e-54  7.866901e-31  
82  6.797912e-47 -1.090822e-54  8.303861e-31  
58 -1.509917e-45  1.928648e-44  2.226534e-44  
59 -2.188545e-43  2.795472e-42  3.227241e-42  
72  1.616458e-17 -2.405373e-25  1.974553e-01  
83  3.406473e-17 -5.069011e-25  4.161113e-01  
54  3.509903e-17 -5.222920e-25  4.287456e-01  
14  4.024095e-17 -5.988064e-25  4.915557e-01  
80  4.223020e-17 -6.284075e-25  5.158550e-01  
42  4.676764e-17 -6.959270e-25  5.712812e-01  
81  4.874980e-17 -7.254225e-25  5.954939e-01  
28  5.242696e-17 -7.801405e-25  6.404115e-01  
64  5.025386e-17 -7.478037e-25  6.138665e-01  
73  4.760944e-17 -7.084534e-25  5.815641e-01  
7  -7.291892e-23  9.314079e-22  1.075267e-21  
74 -1.068249e-22  1.364495e-21  1.575246e-21  
75 -1.648009e-22  2.105035e-21  2.430164e-21  
85 -2.092623e-22  2.672949e-21  3.085795e-21  
51 -2.243634e-22  2.865839e-21  3.308477e-21  
47  8.886727e-21 -4.445971e-18  3.449384e-21  
67  7.513595e-21  3.401970e-21  3.927416e-21  
61 -9.677092e-21  1.236074e-19  1.426990e-19  
3  -9.677524e-21  1.236130e-19  1.427054e-19  

[86 rows x 6 columns]
Latent semantic for movie sorted by LS2
                                  movie           ls1           ls2  \
3                    Cradle 2 the Grave -1.414890e-30  1.000000e+00   
61                        Kangaroo Jack -1.414827e-30  9.999553e-01   
67     Sinbad: Legend of the Seven Seas -3.893940e-32  2.752115e-02   
47                                Basic -3.419983e-32  2.417137e-02   
51                    What a Girl Wants -3.280277e-32  2.318397e-02   
85                               Levity -3.059493e-32  2.162354e-02   
50                    National Security  1.112056e-28  2.037190e-02   
75                            Daredevil -2.409450e-32  1.702924e-02   
74                     Shanghai Knights -1.561819e-32  1.103845e-02   
7                   Final Destination 2 -1.066102e-32  7.534873e-03   
27                           Epic Movie  2.483861e-42  5.556653e-20   
79                               Zodiac  2.456024e-42  5.494378e-20   
60                      Freedom Writers  2.071524e-42  4.634212e-20   
68                            Wild Hogs  4.466227e-41  3.838117e-20   
2                              Hot Fuzz  1.566601e-42  3.504648e-20   
40                      Hannibal Rising  1.485728e-42  3.323726e-20   
30                               Breach  1.399436e-42  3.130683e-20   
57                             Waitress  8.934191e-43  1.998670e-20   
28                           Rollerball -2.794251e-34  1.905485e-20   
64              All About the Benjamins -1.523632e-33  1.826503e-20   
81  Clubhouse Detectives in Big Trouble -2.598266e-34  1.771837e-20   
73                           Panic Room -1.936286e-33  1.730390e-20   
42                              Ice Age -2.492621e-34  1.699794e-20   
80                           Scooby-Doo -2.250785e-34  1.534879e-20   
14                         Full Frontal -2.144761e-34  1.462578e-20   
54                    Collateral Damage -1.870708e-34  1.275693e-20   
83                        Stolen Summer -1.815582e-34  1.238101e-20   
62                       Stomp the Yard  3.828448e-43  8.564631e-21   
72                       State Property -8.615393e-35  5.875099e-21   
31                           United 300  3.885321e-45  8.691863e-23   
..                                  ...           ...           ...   
48               My Mom's New Boyfriend  0.000000e+00  0.000000e+00   
45                    Against the Ropes  0.000000e+00  0.000000e+00   
1                    Dungeons & Dragons  0.000000e+00  0.000000e+00   
41                   Digimon: The Movie  0.000000e+00  0.000000e+00   
6                              Scream 3  0.000000e+00  0.000000e+00   
37                            Boogeyman  0.000000e+00  0.000000e+00   
10                  Bigger Than the Sky  0.000000e+00  0.000000e+00   
15                      Erin Brockovich  0.000000e+00  0.000000e+00   
35                                Trois  0.000000e+00  0.000000e+00   
18                         Smart People  0.000000e+00  0.000000e+00   
29                          Cloverfield  0.000000e+00  0.000000e+00   
55                    Alone in the Dark  1.939527e-95 -1.370797e-65   
46                               Robots  4.445474e-95 -3.141922e-65   
43                          Constantine  6.330297e-95 -4.474056e-65   
34                         Nim's Island  9.253741e-68 -6.310408e-54   
16                         First Sunday  9.767731e-68 -6.660914e-54   
78                     Dawn of the Dead  2.270650e-78 -1.607514e-48   
17                       Chain of Fools  6.566384e-28 -3.126101e-35   
11                       Romeo Must Die  1.736963e-63 -1.227631e-33   
5                          Brigham City  2.768963e-55 -1.957016e-25   
13              3000 Miles to Graceland  5.270087e-55 -3.724732e-25   
22    Final Fantasy: The Spirits Within  5.447470e-55 -3.850101e-25   
21                             Hannibal  6.582540e-55 -4.652333e-25   
12                       Sweet November  6.897067e-55 -4.874631e-25   
25                 Carman: The Champion  9.619189e-55 -6.798541e-25   
39                           15 Minutes  1.008208e-54 -7.125696e-25   
36                            Antitrust  3.177382e-53 -2.245673e-23   
65                        Texas Rangers  3.177441e-53 -2.245715e-23   
52                            Swordfish  9.262291e-51 -6.546297e-21   
4                    Enemy at the Gates  1.054556e-50 -7.453269e-21   

             ls3           ls4           ls5  
3  -9.677524e-21  1.236130e-19  1.427054e-19  
61 -9.677092e-21  1.236074e-19  1.426990e-19  
67  7.513595e-21  3.401970e-21  3.927416e-21  
47  8.886727e-21 -4.445971e-18  3.449384e-21  
51 -2.243634e-22  2.865839e-21  3.308477e-21  
85 -2.092623e-22  2.672949e-21  3.085795e-21  
50 -1.971496e-22 -4.446441e-18  2.907180e-21  
75 -1.648009e-22  2.105035e-21  2.430164e-21  
74 -1.068249e-22  1.364495e-21  1.575246e-21  
7  -7.291892e-23  9.314079e-22  1.075267e-21  
27 -1.419034e-18  8.148907e-01  1.402529e-24  
79 -1.403130e-18  8.057580e-01  1.386810e-24  
60 -1.183465e-18  6.796134e-01  1.169700e-24  
68 -9.514480e-19  5.628650e-01  9.687610e-25  
2  -8.950015e-19  5.139614e-01  8.845917e-25  
40 -8.487984e-19  4.874289e-01  8.389259e-25  
30 -1.952742e-19  4.591189e-01  7.902010e-25  
57 -5.104116e-19  2.931077e-01  5.044750e-25  
28  5.242696e-17 -7.801405e-25  6.404115e-01  
64  5.025386e-17 -7.478037e-25  6.138665e-01  
81  4.874980e-17 -7.254225e-25  5.954939e-01  
73  4.760944e-17 -7.084534e-25  5.815641e-01  
42  4.676764e-17 -6.959270e-25  5.712812e-01  
80  4.223020e-17 -6.284075e-25  5.158550e-01  
14  4.024095e-17 -5.988064e-25  4.915557e-01  
54  3.509903e-17 -5.222920e-25  4.287456e-01  
83  3.406473e-17 -5.069011e-25  4.161113e-01  
62 -2.187198e-19  1.256015e-01  2.161758e-25  
72  1.616458e-17 -2.405373e-25  1.974553e-01  
31 -2.219690e-21  1.274674e-03  2.193872e-27  
..           ...           ...           ...  
48  0.000000e+00  0.000000e+00  0.000000e+00  
45  0.000000e+00  0.000000e+00  0.000000e+00  
1   0.000000e+00  0.000000e+00  0.000000e+00  
41  0.000000e+00  0.000000e+00  0.000000e+00  
6   0.000000e+00  0.000000e+00  0.000000e+00  
37  0.000000e+00  0.000000e+00  0.000000e+00  
10  0.000000e+00  0.000000e+00  0.000000e+00  
15  0.000000e+00  0.000000e+00  0.000000e+00  
35  0.000000e+00  0.000000e+00  0.000000e+00  
18  0.000000e+00  0.000000e+00  0.000000e+00  
29  0.000000e+00  0.000000e+00  0.000000e+00  
55  6.104054e-43 -1.923590e-60 -2.630628e-69  
46  1.399074e-42 -4.408946e-60 -6.029506e-69  
43  1.992263e-42 -6.278281e-60 -8.585938e-69  
34 -1.736227e-50  2.725145e-48 -2.120855e-34  
16 -1.832664e-50  2.876510e-48 -2.238656e-34  
78  2.325258e-43 -7.327662e-61  8.721384e-48  
17  3.025292e-55 -3.864282e-54 -4.461115e-54  
11  1.188043e-53 -1.517517e-52 -1.751896e-52  
5   8.714444e-03 -2.746210e-20 -3.755613e-29  
13  1.658595e-02 -5.226783e-20 -7.147949e-29  
22  1.714421e-02 -5.402709e-20 -7.388538e-29  
21  2.071649e-02 -6.528452e-20 -8.928061e-29  
12  2.170636e-02 -6.840394e-20 -9.354662e-29  
25  3.027339e-02 -9.540149e-20 -1.304674e-28  
39  3.173018e-02 -9.999233e-20 -1.367457e-28  
36  9.999811e-01  2.479890e-18 -4.309560e-27  
65  1.000000e+00 -3.151332e-18 -4.309641e-27  
52  3.801567e-02  6.783823e-18 -1.638339e-28  
4   3.242745e-02 -1.021896e-19 -1.397507e-28  

[86 rows x 6 columns]
Latent semantic for movie sorted by LS3
                                        movie           ls1           ls2  \
65                              Texas Rangers  3.177441e-53 -2.245715e-23   
36                                  Antitrust  3.177382e-53 -2.245673e-23   
52                                  Swordfish  9.262291e-51 -6.546297e-21   
4                          Enemy at the Gates  1.054556e-50 -7.453269e-21   
39                                 15 Minutes  1.008208e-54 -7.125696e-25   
25                       Carman: The Champion  9.619189e-55 -6.798541e-25   
12                             Sweet November  6.897067e-55 -4.874631e-25   
21                                   Hannibal  6.582540e-55 -4.652333e-25   
22          Final Fantasy: The Spirits Within  5.447470e-55 -3.850101e-25   
13                    3000 Miles to Graceland  5.270087e-55 -3.724732e-25   
5                                Brigham City  2.768963e-55 -1.957016e-25   
28                                 Rollerball -2.794251e-34  1.905485e-20   
64                    All About the Benjamins -1.523632e-33  1.826503e-20   
81        Clubhouse Detectives in Big Trouble -2.598266e-34  1.771837e-20   
73                                 Panic Room -1.936286e-33  1.730390e-20   
42                                    Ice Age -2.492621e-34  1.699794e-20   
80                                 Scooby-Doo -2.250785e-34  1.534879e-20   
14                               Full Frontal -2.144761e-34  1.462578e-20   
54                          Collateral Damage -1.870708e-34  1.275693e-20   
83                              Stolen Summer -1.815582e-34  1.238101e-20   
72                             State Property -8.615393e-35  5.875099e-21   
47                                      Basic -3.419983e-32  2.417137e-02   
67           Sinbad: Legend of the Seven Seas -3.893940e-32  2.752115e-02   
43                                Constantine  6.330297e-95 -4.474056e-65   
38                                    Be Cool -5.089239e-83  3.894941e-60   
46                                     Robots  4.445474e-95 -3.141922e-65   
55                          Alone in the Dark  1.939527e-95 -1.370797e-65   
33                                    Godsend  4.598586e-42  5.893300e-47   
78                           Dawn of the Dead  2.270650e-78 -1.607514e-48   
82                                     Torque -3.623150e-64  5.934206e-47   
..                                        ...           ...           ...   
15                            Erin Brockovich  0.000000e+00  0.000000e+00   
41                         Digimon: The Movie  0.000000e+00  0.000000e+00   
1                          Dungeons & Dragons  0.000000e+00  0.000000e+00   
45                          Against the Ropes  0.000000e+00  0.000000e+00   
6                                    Scream 3  0.000000e+00  0.000000e+00   
23                        Big Momma's House 2  5.973239e-01  8.460976e-31   
32                                Wonder Boys  1.514354e-76  3.387766e-54   
34                               Nim's Island  9.253741e-68 -6.310408e-54   
16                               First Sunday  9.767731e-68 -6.660914e-54   
20  Harold & Kumar Escape from Guantanamo Bay  4.028562e-74  9.012308e-52   
58                            Starsky & Hutch -2.207555e-55  1.560231e-25   
59     Agent Cody Banks 2: Destination London -3.199733e-53  2.261471e-23   
7                         Final Destination 2 -1.066102e-32  7.534873e-03   
74                           Shanghai Knights -1.561819e-32  1.103845e-02   
75                                  Daredevil -2.409450e-32  1.702924e-02   
50                          National Security  1.112056e-28  2.037190e-02   
85                                     Levity -3.059493e-32  2.162354e-02   
51                          What a Girl Wants -3.280277e-32  2.318397e-02   
31                                 United 300  3.885321e-45  8.691863e-23   
61                              Kangaroo Jack -1.414827e-30  9.999553e-01   
3                          Cradle 2 the Grave -1.414890e-30  1.000000e+00   
30                                     Breach  1.399436e-42  3.130683e-20   
62                             Stomp the Yard  3.828448e-43  8.564631e-21   
57                                   Waitress  8.934191e-43  1.998670e-20   
40                            Hannibal Rising  1.485728e-42  3.323726e-20   
2                                    Hot Fuzz  1.566601e-42  3.504648e-20   
68                                  Wild Hogs  4.466227e-41  3.838117e-20   
60                            Freedom Writers  2.071524e-42  4.634212e-20   
79                                     Zodiac  2.456024e-42  5.494378e-20   
27                                 Epic Movie  2.483861e-42  5.556653e-20   

             ls3           ls4           ls5  
65  1.000000e+00 -3.151332e-18 -4.309641e-27  
36  9.999811e-01  2.479890e-18 -4.309560e-27  
52  3.801567e-02  6.783823e-18 -1.638339e-28  
4   3.242745e-02 -1.021896e-19 -1.397507e-28  
39  3.173018e-02 -9.999233e-20 -1.367457e-28  
25  3.027339e-02 -9.540149e-20 -1.304674e-28  
12  2.170636e-02 -6.840394e-20 -9.354662e-29  
21  2.071649e-02 -6.528452e-20 -8.928061e-29  
22  1.714421e-02 -5.402709e-20 -7.388538e-29  
13  1.658595e-02 -5.226783e-20 -7.147949e-29  
5   8.714444e-03 -2.746210e-20 -3.755613e-29  
28  5.242696e-17 -7.801405e-25  6.404115e-01  
64  5.025386e-17 -7.478037e-25  6.138665e-01  
81  4.874980e-17 -7.254225e-25  5.954939e-01  
73  4.760944e-17 -7.084534e-25  5.815641e-01  
42  4.676764e-17 -6.959270e-25  5.712812e-01  
80  4.223020e-17 -6.284075e-25  5.158550e-01  
14  4.024095e-17 -5.988064e-25  4.915557e-01  
54  3.509903e-17 -5.222920e-25  4.287456e-01  
83  3.406473e-17 -5.069011e-25  4.161113e-01  
72  1.616458e-17 -2.405373e-25  1.974553e-01  
47  8.886727e-21 -4.445971e-18  3.449384e-21  
67  7.513595e-21  3.401970e-21  3.927416e-21  
43  1.992263e-42 -6.278281e-60 -8.585938e-69  
38  1.399074e-42 -1.669648e-41 -2.874275e-65  
46  1.399074e-42 -4.408946e-60 -6.029506e-69  
55  6.104054e-43 -1.923590e-60 -2.630628e-69  
33  4.304254e-43 -1.137993e-54  8.662939e-31  
78  2.325258e-43 -7.327662e-61  8.721384e-48  
82  6.797912e-47 -1.090822e-54  8.303861e-31  
..           ...           ...           ...  
15  0.000000e+00  0.000000e+00  0.000000e+00  
41  0.000000e+00  0.000000e+00  0.000000e+00  
1   0.000000e+00  0.000000e+00  0.000000e+00  
45  0.000000e+00  0.000000e+00  0.000000e+00  
6   0.000000e+00  0.000000e+00  0.000000e+00  
23 -1.718431e-53 -5.711832e-41  2.606251e-34  
32 -8.651527e-53  4.968205e-35  8.550901e-59  
34 -1.736227e-50  2.725145e-48 -2.120855e-34  
16 -1.832664e-50  2.876510e-48 -2.238656e-34  
20 -2.301523e-50  1.321667e-32  2.274754e-56  
58 -1.509917e-45  1.928648e-44  2.226534e-44  
59 -2.188545e-43  2.795472e-42  3.227241e-42  
7  -7.291892e-23  9.314079e-22  1.075267e-21  
74 -1.068249e-22  1.364495e-21  1.575246e-21  
75 -1.648009e-22  2.105035e-21  2.430164e-21  
50 -1.971496e-22 -4.446441e-18  2.907180e-21  
85 -2.092623e-22  2.672949e-21  3.085795e-21  
51 -2.243634e-22  2.865839e-21  3.308477e-21  
31 -2.219690e-21  1.274674e-03  2.193872e-27  
61 -9.677092e-21  1.236074e-19  1.426990e-19  
3  -9.677524e-21  1.236130e-19  1.427054e-19  
30 -1.952742e-19  4.591189e-01  7.902010e-25  
62 -2.187198e-19  1.256015e-01  2.161758e-25  
57 -5.104116e-19  2.931077e-01  5.044750e-25  
40 -8.487984e-19  4.874289e-01  8.389259e-25  
2  -8.950015e-19  5.139614e-01  8.845917e-25  
68 -9.514480e-19  5.628650e-01  9.687610e-25  
60 -1.183465e-18  6.796134e-01  1.169700e-24  
79 -1.403130e-18  8.057580e-01  1.386810e-24  
27 -1.419034e-18  8.148907e-01  1.402529e-24  

[86 rows x 6 columns]
